#NAME X                Y               Z               SEFDR  SEFDL   FR_PAR_ANGLE  FR_ELEV_ANGLE FR_OFFSET[d] DR_RE   DR_IM   DL_RE   DL_IM 
PV    5088967.9000    -301681.6000     3825015.8000    542    542      1            -1             0            0       0       0       0
AZ   -1828796.200     -5054406.800     3427865.200     3684   3684     1             1             0            0       0       0       0
SM   -5464523.400     -2493147.080     2150611.750     1278   1278     1            -1             45           0       0       0       0
LM   -768713.9637     -5988541.7982    2063275.9472    270    270      1            -1             0            0       0       0       0
AA    2225061.164     -5440057.37     -2481681.15      56     56       1             0             0            0       0       0       0
SP    0.01             0.01           -6359609.7       3387   3387     1             0             0            0       0       0       0
AP    2225039.53      -5441197.63     -2479303.36      2314   2314     1             1             0            0       0       0       0
JC   -5464584.68      -2493001.17      2150653.98      1794   1794     1             0             0            0       0       0       0
GL    541647.0        -1388536.0       6180829.0       2144   2144     1             0             0            0       0       0       0
PB    4523998.40       468045.240      4460309.760     179    179      1             0             0            0       0       0       0
KP   -1994314.0       -5037909.0       3357619.0       2144   2144     1             0             0            0       0       0       0
