#NAME X                Y               Z               SEFDR  SEFDL   FR_PAR_ANGLE  FR_ELEV_ANGLE FR_OFFSET[d] DR_RE   DR_IM   DL_RE   DL_IM 
PV    5088967.9000    -301681.6000     3825015.8000    1454   1454     1            -1             0            0       0       0       0
AZ   -1828796.200     -5054406.800     3427865.200     9884   9884     1             1             0            0       0       0       0
SM   -5464523.400     -2493147.080     2150611.750     3428   3428     1            -1             45           0       0       0       0
LM   -768713.9637     -5988541.7982    2063275.9472    724    724      1            -1             0            0       0       0       0
AA    2225061.164     -5440057.37     -2481681.15      155    155      1             0             0            0       0       0       0
SP    0.01             0.01           -6359609.7       9087   9087     1             0             0            0       0       0       0
AP    2225039.53      -5441197.63     -2479303.36      6208   6208     1             1             0            0       0       0       0
JC   -5464584.68      -2493001.17      2150653.98      4813   4813     1             0             0            0       0       0       0
GL    541647.0        -1388536.0       6180829.0       5752   5752     1             0             0            0       0       0       0
PB    4523998.40       468045.240      4460309.760     480    480      1             0             0            0       0       0       0
KP   -1994314.0       -5037909.0       3357619.0       5752   5752     1             0             0            0       0       0       0
BA   -2352576.0       -4940331.0       3271508.0       23014  23014    1             0             0            0       0       0       0
BR   -2363000.0       -4445000.0       3907000.0       23014  23014    1             0             0            0       0       0       0
CI    5311000.0       -1725000.0       3075000.0       23014  23014    1             0             0            0       0       0       0
CT    1569000.0       -4559000.0      -4163000.0       23014  23014    1             0             0            0       0       0       0
GB    5627890.0        1637767.0      -2512493.0       5339   5339     1             0             0            0       0       0       0
GR    1538000.0       -2462000.0      -5659000.0       23014  23014    1             0             0            0       0       0       0
HA    1521000.0       -4417000.0       4327000.0       614    614      1             0             0            0       0       0       0
NZ   -4540000.0         719000.0      -4409000.0       23014  23014    1             0             0            0       0       0       0
OV   -2409598.0       -4478348.0       3838607.0       23014  23014    1             0             0            0       0       0       0
SG    1832000.0       -5034000.0      -3455000.0       23014  23014    1             0             0            0       0       0       0
